Ethernet: 100.0%
ARP: 0.0%
IPv4: 96.3855421686747%
IPv6: 3.614457831325301%
ICMP: 0.0%
ICMPv6: 1.2048192771084338%
UDP: 83.13253012048193%
TCP: 0.0%
DNS: 0.0%
